---
maxVel: 30.0
maxAccel: 40.0
maxAngVel: 3.141592653589793
maxAngAccel: 3.141592653589793
robotLength: 14.5
robotWidth: 17.5
driveType: "GENERIC"
